20.2332
42.3679
8.86217
12.6602
18.6301
19.4552
0.596539
4.86394
17.5382
2.9923
20.6713
18.9044
8.35739
6.79646
4.0428
60.177
6.02727
13.6762
5.84531
40.4126
5.13454
14.6628
19.4957
45.6331
8.44498
5.96829
3.05569
1.5556
27.9239
12.5619
14.7378
16.6311
24.7833
11.3087
14.4783
6.49317
4.62596
13.7038
8.95803
24.57
16.703
1.06748
15.7374
22.8391
64.7787
28.1531
16.6427
31.9302
30.6553
8.31534
13.9223
33.1505
18.359
8.42114
5.80173
16.1024
4.97669
24.0913
12.5104
5.48508
9.00047
12.0428
28.0805
24.5652
17.7609
27.6687
4.09912
0.574227
13.3386
9.16918
1.38957
25.0816
29.8923
34.7454
23.2631
20.4283
27.088
12.9617
22.1372
4.49582
24.2322
18.1842
17.4657
35.1792
8.77848
49.3016
15.5238
23.6421
26.055
10.9818
5.39214
8.57994
7.27909
13.8033
1.71259
32.2676
14.9775
8.27007
19.301
29.3468
21.2332
32.0917
1.00105
5.87151
17.9665
8.5988
9.99566
33.314
2.24533
9.47478
12.1481
9.40212
21.362
7.66665
6.00023
13.8407
10.4691
14.4327
1.9047
32.2743
15.9426
20.5084
15.2598
2.21028
12.8592
29.185
8.9787
17.5206
6.02423
27.4147
26.4296
5.44287
24.3384
20.1848
20.6515
19.1501
19.1692
33.6576
20.8475
23.8625
7.7405
30.3496
6.58158
6.59286
4.95699
11.3303
8.96458
28.0819
12.4702
29.1527
29.2539
2.3941
33.7811
8.34931
20.08
16.8145
7.84148
33.8128
17.989
16.5764
5.71729
8.4078
7.31692
9.83089
13.2306
8.35412
9.86086
7.50114
13.0572
23.4426
8.10847
6.35226
9.47718
23.744
6.51479
-0.342704
19.6106
25.561
6.10703
18.6116
31.1354
24.0151
7.19113
63.8663
3.92149
5.1804
1.00825
15.7822
28.6956
5.07165
31.6456
17.5434
18.5659
10.7696
6.19466
24.7667
11.728
36.3025
36.7577
17.4621
17.8375
22.2105
6.05837
4.03455
22.1121
10.2073
27.7797
22.1845
3.30473
3.80011
7.54889
5.7825
24.4893
21.5239
3.56536
8.2986
15.8246
7.4294
4.71408
16.3123
19.6054
29.3996
8.31801
37.5416
4.36464
25.0845
6.37083
35.7016
11.2029
10.9801
7.27578
30.8526
28.1782
17.5539
9.38032
15.8844
16.757
4.54032
15.8104
7.69895
1.46097
38.4163
41.476
4.17107
18.875
12.8928
4.98883
9.63294
10.7467
6.3185
7.7367
17.197
7.36418
26.8324
32.852
8.51325
8.7526
12.6153
3.64819
2.89191
12.1481
22.8758
17.6967
20.7179
13.0318
10.9918
9.08511
15.8909
15.9424
17.2264
41.3814
27.9444
19.1606
10.3933
8.43251
6.69159
3.46643
4.23889
20.409
15.8574
8.24907
17.0773
14.9183
28.644
28.3452
4.69101
45.7932
12.2867
10.8471
7.18071
29.7106
23.5648
2.24729
10.5767
15.047
37.904
31.5907
19.051
18.8525
13.3756
7.5217
16.2996
6.32676
11.9035
7.30354
2.86444
29.3753
29.0452
2.58665
7.08017
25.4153
32.535
10.766
15.3118
22.7598
1.54646
-0.36702
23.1774
4.26672
7.17759
17.4872
19.0398
25.9524
4.61671
8.87305
6.96575
3.67538
3.38691
7.22672
16.4021
22.2396
27.4215
18.0293
12.4447
8.98029
6.00193
27.3455
22.712
11.2992
22.4949
9.1243
26.4443
52.1557
20.0321
13.5482
2.24068
8.37184
21.4386
19.3106
29.3063
13.8445
16.3164
4.02751
10.8609
6.03863
9.92485
22.0833
11.1234
11.8045
5.82869
9.82669
10.6536
19.3599
0.0792523
12.9472
26.9908
36.5923
14.7535
9.55918
15.0446
18.337
26.1297
8.92572
19.8416
3.87365
14.2021
27.2262
5.32707
24.0215
11.805
41.1449
14.097
33.838
9.10244
2.3694
33.2596
5.04095
5.37379
18.0808
12.5449
12.0503
30.8417
25.5466
37.7807
7.15764
5.86213
24.3955
16.553
24.8346
2.00789
17.7119
33.3961
30.9011
23.429
13.4632
6.21145
8.07325
10.8301
17.8208
6.49593
11.6018
21.5234
27.5255
12.9682
8.89265
6.35182
2.71111
18.7079
0.228496
16.997
7.41794
15.4716
14.003
20.0225
27.6528
25.1745
31.2885
19.974
27.6341
4.08462
20.3269
24.7171
15.5098
34.8952
9.4484
22.6498
11.5667
19.9241
7.84407
22.2078
17.2956
10.0443
13.8157
4.1575
23.8773
6.14949
13.7082
2.55048
24.6129
47.5572
12.3332
22.5027
11.5212
9.00778
25.106
5.03414
5.08422
8.9926
40.9082
39.0168
22.9897
23.6525
1.57794
10.8001
8.12631
20.6967
7.31989
6.85265
35.1205
20.101
11.6727
4.48256
6.70055
2.83623
4.4802
43.2877
14.25
16.8924
10.0396
12.259
17.6253
10.8843
0.919847
9.3649
4.19444
4.15295
21.5506
31.4199
27.5669
5.19802
39.4475
10.2799
21.899
4.58259
7.32036
3.22897
47.2059
4.49738
50.2594
14.8183
21.3499
26.0072
6.6207
46.3106
4.64594
15.5761
9.63803
16.4954
5.2979
9.17428
20.91
32.4484
4.70089
9.24776
18.8398
8.11797
3.21362
1.5088
29.0626
11.0495
44.879
15.7012
27.2765
3.85452
24.6606
3.00864
7.56087
4.40037
9.02417
18.7853
8.28062
2.7434
11.2429
7.78561
22.3684
4.05457
6.35269
8.91942
18.8726
11.7345
13.1961
27.0297
10.2763
8.77465
9.96937
11.7031
12.4693
24.6715
12.0192
15.9471
30.4509
27.5617
7.15049
63.6309
9.41706
9.42921
25.6
11.9531
14.9887
21.0835
18.0886
35.0756
29.9143
23.1852
12.4068
16.9842
3.85308
27.6599
11.3946
21.7547
2.17725
18.1845
8.53685
1.68903
37.3817
5.27561
31.6029
28.8799
6.83556
3.75391
7.20895
34.9622
22.8041
8.02263
5.75369
0.469725
15.6761
7.81092
15.3414
3.17333
11.5062
14.9558
